ChEBI	lin-wt	sun-wt	sun-wt	fish-wt	ref-wt	coc-wt	lin-wt	lin-wt	fish-wt	coc-wt	fish-wt	ref-wt	sun-wt	ref-wt	sun-wt	lin-wt	coc-wt	fish-wt	coc-wt	ref-ppar	coc-ppar	ref-ppar	sun-ppar	fish-ppar	sun-ppar	ref-ppar	ref-ppar	lin-ppar	fish-ppar	lin-ppar	coc-ppar	coc-ppar	ref-ppar	sun-ppar	fish-ppar	coc-ppar	lin-ppar	fish-ppar	lin-ppar	sun-ppar
CHEBI:28875	0.34	0.38	0.36	0.22	0.37	1.70	0.35	0.34	0.22	1.38	0.26	0.44	0.32	0.34	0.35	0.24	1.21	0.30	1.30	0.38	3.24	0.60	0.38	0.44	0.47	0.64	0.52	0.49	0.40	0.61	3.19	2.26	0.60	0.54	0.39	2.92	0.63	0.36	0.64	0.40
CHEBI:73705	1.1166	 0.6362	 0.4674	 3.8548	 0.4866	 0.5095	 0.7578	 0.2586	 0.8921	 2.1589	 0.9961	 0.7193	 8.6515	 7.218	0.24	1.21	0.30	1.30	0.38	3.24	0.60	0.38	0.44	0.47	0.64	0.52	0.49	0.40	0.61	3.19	2.26	0.60	0.54	0.39	2.92	0.63	0.36	0.2586	 0.8921	 2.1589
CHEBI:17268	26.00	2.00	23.70	5.88	24.80	26.04	65.94	28.63	25.34	28.49	25.73	24.28	24.63	26.04	4.76	26.96	3.95	0.72	27.00	4.09	2.99	1.85	17.64	42.73	64.65	0.49	18.44	17.72	21.70	16.25	22.99	0.27	2.22	20.18	20.71	0.79	11.09	15.23	16.20	0.70
CHEBI:15756	26.45	24.04	23.70	25.48	24.80	26.04	25.94	28.63	25.34	28.49	25.73	24.28	24.63	26.04	24.76	26.46	23.45	29.72	27.00	24.09	23.59	19.95	17.64	22.73	14.65	20.49	18.44	17.72	21.70	16.25	22.91	23.27	20.25	20.18	20.71	21.79	21.57	25.23	16.20	20.70
CHEBI:28842	10.22	 9.93	 8.96	 8.14	 9.63	 6.59	 9.68	 9.95	 8.81	 5.63	 8.30	 8.63	 9.99	 9.81	 9.38	10.97	 5.59	 8.95	 5.72	 8.22	 2.68	 3.18	 6.99	 4.71	 4.29	 2.71	 5.21	 6.02	 6.12	 4.55	 3.60	 1.68	 3.09	 4.51	 6.41	 3.56	 3.97	10.33	 5.77	 7.40
CHEBI:35465	0.35	0.55	0.55	0.49	0.46	0.66	0.36	0.29	0.44	0.90	0.43	0.53	0.45	0.35	0.54	0.31	0.67	0.45	0.81	0.60	1.11	1.21	0.74	0.75	0.66	1.09	0.87	0.58	0.78	0.61	0.99	1.50	1.18	0.71	0.71	1.23	0.82	0.45	0.67	0.63
CHEBI:28716	 3.10	 2.54	 2.65	 2.82	 2.85	 7.26	 3.60	 3.27	 2.36	 7.01	 2.74	 3.33	 2.39	 2.36	 2.47	 2.81	 6.31	 2.86	 7.86	 3.89	13.09	 4.89	 2.58	 2.27	 2.88	 4.05	 3.37	 3.77	 2.07	 5.42	13.90	10.38	 3.66	 3.55	 2.18	10.66	 5.14	 1.59	 4.10	 2.72
CHEBI:16196	16.98	20.07	22.89	21.92	21.38	28.23	17.62	17.02	18.39	36.68	21.75	23.86	17.93	20.14	19.66	14.69	33.84	17.79	33.50	24.61	35.61	35.91	21.23	25.10	23.15	38.32	32.04	21.04	22.49	21.43	33.55	41.23	36.59	24.82	24.09	38.27	25.53	16.49	25.12	19.97
CHEBI:36023	 2.41	 3.92	 3.96	 2.52	 2.96	 8.99	 2.15	 1.99	 1.81	 8.85	 2.64	 3.02	 3.49	 2.33	 4.02	 1.88	 8.56	 2.01	 9.88	 3.89	11.41	 4.58	 2.85	 1.91	 2.85	 5.07	 3.76	 1.77	 1.82	 2.22	10.64	15.03	 4.75	 3.77	 1.83	11.55	 3.18	 1.53	 2.11	 3.13
CHEBI:32425	0.26	0.23	0.26	0.00	0.30	0.36	0.25	0.31	0.00	0.21	0.00	0.26	0.27	0.26	0.22	0.31	0.47	0.00	0.00	0.27	0.37	0.30	0.26	0.38	0.45	0.26	0.42	0.65	0.44	0.25	0.30	0.20	0.36	0.39	0.40	0.38	0.33	0.37	0.21	0.40
CHEBI:36036	0.00	0.00	0.19	0.00	0.27	2.89	0.00	0.00	0.00	2.03	0.00	0.20	0.21	0.22	0.19	0.00	2.54	0.00	2.13	0.27	0.22	0.07	0.00	0.00	0.07	0.07	0.00	0.00	0.00	0.00	0.07	0.23	0.07	0.00	0.00	0.33	0.00	0.00	0.00	0.00
CHEBI:17351	 8.93	14.98	16.06	13.89	14.55	 3.47	 8.73	 7.75	15.65	 2.31	12.64	15.02	15.74	15.53	15.65	 9.38	 2.77	11.89	 3.56	13.54	 5.65	21.10	33.14	22.65	40.02	21.52	23.93	13.84	22.05	14.75	 5.45	 2.79	22.93	31.31	23.09	 5.60	12.60	18.25	21.06	27.33
CHEBI:28661	0.00	0.30	0.27	0.00	0.27	2.66	0.00	0.00	0.00	0.00	0.00	0.23	0.28	0.30	0.47	0.00	5.07	0.00	0.00	0.24	0.17	0.41	0.66	0.00	0.85	0.28	0.32	0.09	0.00	0.12	0.18	0.14	0.31	0.46	0.00	0.18	0.08	0.00	0.21	0.43
CHEBI:72850	0.00	0.30	0.33	0.00	0.23	0.00	0.00	0.00	0.00	0.00	0.00	0.21	0.36	0.19	0.35	0.00	0.00	0.00	0.00	0.23	0.05	0.31	0.61	0.27	0.83	0.32	0.09	0.12	0.24	0.10	0.00	0.00	0.33	0.54	0.24	0.07	0.11	0.26	0.13	0.59
CHEBI:15843	 3.07	15.34	13.27	 3.92	11.85	 5.09	 2.57	 2.64	 4.23	 3.67	 3.75	10.30	15.76	11.76	15.07	 3.12	 3.87	 3.83	 4.96	10.60	 1.55	 2.98	 8.67	 1.27	 4.72	 1.85	 4.76	 1.39	 1.87	 1.52	 2.97	 0.75	 2.00	 5.47	 1.90	 1.83	 0.96	 3.02	 1.84	11.18
CHEBI:61205	0.00	0.58	0.54	0.00	0.32	0.00	0.00	0.00	0.00	0.00	0.00	0.27	0.72	0.31	0.66	0.00	0.00	0.00	0.00	0.31	0.00	0.18	0.65	0.00	0.73	0.14	0.26	0.11	0.00	0.00	0.07	0.00	0.17	0.60	0.00	0.05	0.06	0.00	0.00	0.63
CHEBI:61204	0.00	2.10	1.77	0.00	0.44	0.56	0.00	0.00	0.00	0.39	0.00	0.29	2.52	0.45	1.89	0.00	0.43	0.00	0.00	0.36	0.17	0.08	0.98	0.21	1.13	0.07	0.19	0.00	0.19	0.00	0.38	0.07	0.07	0.95	0.00	0.17	0.00	0.00	0.00	1.62
CHEBI:27432	 5.97	 0.00	 0.00	 0.49	 0.42	 0.00	 8.40	 6.01	 0.55	 0.00	 0.43	 0.53	 0.00	 0.54	 0.00	 6.22	 0.00	 0.00	 0.00	 0.43	 0.09	 1.00	 0.10	 1.16	 0.14	 1.17	 1.16	21.50	 1.31	21.62	 0.07	 0.00	 1.31	 0.17	 1.45	 0.07	18.11	 0.71	14.39	 0.00
CHEBI:28364	8.62	0.00	0.00	2.99	0.30	0.00	7.37	7.96	3.13	0.00	2.90	0.25	0.00	0.23	0.00	9.48	0.00	2.79	0.00	0.35	0.15	0.25	0.09	2.17	0.07	0.16	0.30	4.10	2.65	3.86	0.18	0.07	0.20	0.00	2.82	0.13	2.66	2.91	2.31	0.13
CHEBI:28125	10.39	 2.61	 2.51	14.99	 6.69	 2.56	 9.84	10.40	16.36	 1.86	16.21	 6.61	 3.27	 7.04	 2.71	10.96	 1.99	17.35	 2.44	 5.97	 0.64	 2.16	 1.70	11.56	 0.91	 1.22	 3.44	 4.02	13.26	 4.45	 1.16	 0.28	 1.41	 1.11	11.57	 0.64	 2.29	16.28	 3.87	 1.83
